0 1 2 4 5 7 10 11 12 13 14 15 16 17 18 19 22 24 25 26 28 29 30 31 32 34 35 37 38 40 41 42 45 46 48 49 50 52 53 54 55 56 57 58 59 60 61 62 64 65 66 67 68 69 70 72 73 74 75 76 77 78 82 83 84 85 86 88 89 90 91 92 93 95 96 97 98 99 101 102 103 104 105 106 107 108 109 110 111 112 113 114 116 117 118 119 120 122 125 126 127 129 130 132 133 134 135 136 137 138 139 140 141 142 143 145 146 148 149 150 151 152 153 154 155 156 157 158 159 160 161 162 163 164 165 166 167 168 169 171 172 173 174 175 176 177 178 179 182 183 184 185 186 187 188 189 190 191 192 193 194 195 196 197 198 201 203 204 205 206 211 212 213 214 216 218 221 222 223 225 226 227 228 229 230 231 232 233 234 235 236 238 239 240 241 242 243 245 246 247 248 250 251 253 254 255 256 257 259 260 261 262 263 264 265 266 267 268 269 270 272 273 275 276 277 278 279 280 283 284 285 286 287 288 289 290 293 295 296 297 298 299 300 301 302 303 304 305 307 308 309 310 311 312 313 314 315 316 317 318 319 320 321 323 324 326 327 328 329 330 331 332 335 336 337 338 339 340 341 342 343 344 346 347 348 352 353 354 356 357 358 359 360 362 363 364 365 367 368 370 372 374 378 379 380 381 382 383 384 386 387 388 389 390 391 392 393 394 395 396 397 398 399 400 401 404 405 406 407 408 409 410 411 412 413 414 415 416 417 418 419 421 422 423 424 425 426 427 428 429 430 431 433 434 435 436 437 438 439 440 442 443 444 446 447 448 449 450 452 453 454 455 457 458 459 460 461 463 466 467 468 469 470 471 472 473 474 475 476 477 479 480 482 483 484 485 487 488 490 491 493 494 497 498 499 500 501 502 504 505 506 507 508 509 510 511 514 515 516 517 518 519 520 521 522 524 525 526 527 528 529 530 531 532 533 534 535 536 537 538 539 540 541 542 544 545 547 549 551 552 554 555 556 557 558 559 561 562 563 566 567 568 570 571 572 573 575 576 577 578 580 581 582 583 584 585 587 588 589 591 592 593 594 595 596 597 599 601 602 603 606 607 608 610 611 612 613 614 615 617 618 622 623 624 625 627 628 630 631 632 633 634 635 638 640 641 642 643 644 646 647 648 649 650 652 653 654 655 656 657 658 659 660 661 662 663 664 665 666 667 668 669 670 671 672 674 676 677 679 680 681 682 683 684 685 686 687 688 689 690 691 692 694 695 696 697 698 699 700 702 703 704 705 706 707 708 710 711 712 713 714 715 716 717 718 719 720 721 722 723 724 725 726 727 728 729 730 732 733 734 735 736 738 740 741 742 744 745 746 747 748 749 750 751 753 754 755 756 757 758 759 761 762 764 765 766 768 769 770 771 772 773 776 777 778 780 781 782 783 784 785 786 788 789 790 791 792 793 794 795 797 799 800 801 804 805 806 809 810 812 814 815 816 817 819 820 821 822 823 824 825 826 827 828 829 830 831 832 833 835 836 837 839 840 841 842 843 844 845 847 848 849 850 852 853 854 855 856 858 860 861 862 863 865 867 868 869 870 872 873 874 875 877 878 880 881 882 883 884 886 887 888 889 890 891 892 893 894 895 897 898 900 901 902 903 904 905 906 907 908 909 910 911 913 914 915 916 917 918 919 921 922 924 925 926 928 929 930 931 932 933 934 935 936 937 938 939 942 943 944 945 946 947 950 952 953 955 957 958 959 960 961 962 964 965 966 968 969 971 972 973 974 975 976 977 978 979 980 981 982 983 984 985
3
6
8
9
20
21
23
27
33
36
39
43
44
47
51
63
71
79
80
81
87
94
100
115
121
123
124
128
131
144
147
170
180
181
199
200
202
207
208
209
210
215
217
219
220
224
237
244
249
252
258
271
274
281
282
291
292
294
306
322
325
333
334
345
349
350
351
355
361
366
369
371
373
375
376
377
385
402
403
420
432
441
445
451
456
462
464
465
478
481
486
489
492
495
496
503
512
513
523
543
546
548
550
553
560
564
565
569
574
579
586
590
598
600
604
605
609
616
619
620
621
626
629
636
637
639
645
651
673
675
678
693
701
709
731
737
739
743
752
760
763
767
774
775
779
787
796
798
802
803
807
808
811
813
818
834
838
846
851
857
859
864
866
871
876
879
885
896
899
912
920
923
927
940
941
948
949
951
954
956
963
967
970
6.888731