300 8970
96 91
59 35
122 126
204 228
145 167
212 182
137 135
189 183
114 93
247 257
221 183
283 241
184 199
154 159
280 244
55 24
87 103
140 137
229 188
138 161
179 165
130 141
95 104
186 232
98 61
138 173
254 250
97 78
28 36
276 270
3 5
293 296
212 208
22 1
57 41
108 72
142 172
169 152
51 22
274 293
69 100
159 164
117 99
207 226
170 132
47 41
15 46
200 210
155 133
197 203
288 281
232 219
121 172
260 242
106 88
255 242
178 121
244 297
244 242
41 32
96 80
274 278
110 85
165 159
241 259
183 226
284 269
147 179
2 14
210 186
294 275
28 59
219 206
36 45
32 29
82 109
101 65
199 191
92 70
287 258
95 109
160 153
151 173
187 185
221 206
29 44
250 258
143 158
267 248
66 108
52 31
200 185
153 171
146 151
259 247
92 105
92 114
182 181
227 229
172 148
263 240
223 220
128 172
299 293
188 196
69 70
239 219
116 70
67 76
260 286
175 157
202 231
149 173
15 35
47 44
218 202
127 172
110 65
224 226
284 285
116 86
140 141
109 71
213 208
120 168
33 25
273 248
258 268
9 35
87 117
278 299
164 166
78 79
64 96
221 200
6 44
192 183
225 231
56 29
1 32
288 247
58 57
150 148
193 214
14 32
260 296
236 239
230 210
142 121
53 2
235 234
237 195
187 224
211 192
91 111
15 22
247 295
207 237
94 108
47 15
127 154
150 120
244 284
163 145
270 260
246 289
36 29
136 149
55 34
170 165
84 113
33 56
227 230
160 164
276 284
63 87
160 148
230 201
276 246
105 93
83 65
40 32
107 75
40 10
82 74
45 36
115 69
262 273
278 259
195 191
126 167
214 237
200 212
66 101
15 47
233 192
81 84
111 102
71 86
157 179
105 66
275 240
293 275
124 166
55 49
2 31
136 144
224 227
282 246
146 133
192 209
61 84
84 61
31 26
37 49
112 109
156 132
25 27
30 35
34 48
70 85
275 287
148 141
283 294
160 131
30 14
72 92
212 206
143 152
133 158
139 147
280 299
291 293
155 164
145 133
68 61
195 196
62 78
81 64
134 124
180 227
252 277
40 1
39 21
273 280
108 90
94 71
44 45
178 168
110 117
296 291
94 73
141 128
138 133
286 243
144 170
221 227
73 74
202 208
57 42
230 233
84 119
252 260
84 100
248 269
189 234
276 297
108 110
233 195
159 121
159 126
266 293
197 208
109 80
58 27
67 92
46 47
245 275
148 159
75 96
21 22
154 130
104 60
268 242
296 288
195 232
221 219
70 113
240 290
96 105
215 208
103 113
198 199
146 122
26 2
183 198
254 294
125 165
201 194
129 133
242 245
84 68
126 124
35 59
149 156
31 27
62 86
7 32
188 183
131 166
1 50
276 244
282 276
157 147
112 87
179 143
240 244
251 250
31 9
206 193
201 186
11 41
2 27
16 22
51 56
115 82
276 258
119 62
244 263
68 109
136 142
129 123
193 196
287 268
141 151
91 94
48 52
265 256
163 125
284 247
17 12
203 209
184 189
258 280
23 21
49 50
57 29
30 29
130 157
182 184
234 226
292 263
15 31
185 231
229 195
99 107
100 60
254 255
151 159
176 133
242 273
198 224
230 194
118 75
122 133
141 134
286 254
29 30
80 104
210 181
96 110
217 187
180 199
263 281
47 24
75 97
182 214
52 30
31 16
208 231
199 209
83 80
272 281
228 213
50 29
193 187
24 17
276 273
52 16
194 196
11 54
170 146
71 107
240 279
255 292
243 250
242 258
88 87
165 164
1 2
171 160
244 277
25 45
217 205
183 227
81 67
86 88
129 171
77 119
103 116
64 98
69 115
197 180
46 22
259 248
217 202
288 279
262 297
283 296
86 72
191 198
23 33
225 207
94 118
205 237
120 161
241 275
5 1
275 271
222 216
166 126
206 180
267 265
177 154
24 36
13 9
13 55
166 171
158 159
271 280
186 185
162 178
149 143
80 67
219 228
76 82
76 113
65 81
28 48
163 167
286 257
18 15
135 165
222 188
136 129
76 94
179 126
143 167
258 243
13 4
28 31
210 227
17 39
53 19
106 71
220 227
94 116
144 162
167 144
84 76
141 166
168 123
292 250
91 104
230 231
242 289
14 5
46 56
174 129
126 131
47 49
252 290
287 256
226 231
86 108
212 193
161 152
299 253
238 234
136 147
62 100
209 226
207 238
74 119
187 194
179 149
140 162
231 190
252 261
21 46
165 120
67 89
224 185
119 115
174 126
165 139
189 187
160 162
130 165
9 59
76 114
172 169
178 163
103 74
229 191
120 145
82 79
189 224
84 116
0 31
155 150
156 124
71 64
89 91
147 176
109 70
256 286
22 23
255 252
234 182
204 233
141 122
114 85
3 0
217 196
63 103
25 24
94 64
269 243
152 176
124 155
283 285
137 179
255 243
258 252
132 129
91 115
157 169
290 270
65 74
298 261
145 161
236 198
226 211
18 43
89 108
40 34
81 111
189 209
13 32
110 100
91 69
103 81
261 271
3 17
115 119
87 99
23 20
241 285
217 228
208 196
225 184
115 85
107 83
26 27
52 15
117 68
224 236
224 232
177 126
173 177
211 196
280 277
102 94
204 192
155 141
47 51
101 70
75 82
92 103
187 192
81 110
156 134
135 140
253 241
202 238
152 158
112 94
5 58
120 130
178 171
43 22
197 228
290 298
10 19
176 142
118 73
128 170
55 38
53 32
268 290
299 280
180 216
171 173
180 206
52 37
7 40
46 26
114 72
205 199
134 172
40 28
274 260
255 287
230 183
196 213
6 23
108 101
129 175
120 152
109 112
92 62
267 243
7 13
197 232
136 165
92 100
42 4
34 33
93 62
0 38
146 150
32 37
236 228
120 158
36 54
120 175
9 0
191 186
138 179
35 29
270 244
108 112
264 275
265 298
35 8
32 9
14 13
111 101
127 126
104 93
108 78
184 183
266 276
101 91
87 105
62 172
202 237
123 178
243 242
274 255
20 27
36 35
182 193
61 109
56 6
35 23
117 91
206 209
144 137
97 119
203 214
216 231
64 86
239 180
82 99
69 105
238 181
99 92
204 222
176 128
58 51
106 100
289 263
120 148
41 45
63 107
92 99
237 197
152 163
4 39
4 54
267 296
160 128
54 17
225 195
165 166
22 30
291 295
240 271
43 14
127 177
229 236
71 70
78 117
103 79
110 114
122 179
10 13
265 279
56 47
118 78
160 139
97 98
88 117
230 192
138 178
280 286
80 95
192 185
212 239
12 45
188 205
111 74
263 285
203 193
3 11
108 61
80 63
145 165
44 22
131 161
56 41
273 258
110 108
285 258
147 168
85 103
146 128
133 129
214 215
108 97
264 271
200 190
32 53
116 69
192 194
89 90
292 275
55 20
256 269
58 15
117 119
39 28
209 195
254 252
11 4
255 248
172 127
290 252
132 173
293 245
269 256
275 247
87 98
258 246
113 69
243 247
4 42
200 187
230 204
280 263
261 241
210 201
135 133
71 68
97 86
106 94
170 179
286 252
24 27
291 244
219 235
149 135
12 56
254 277
153 142
137 131
47 56
253 274
92 80
9 3
213 231
162 157
145 128
275 250
115 81
172 147
181 195
99 111
18 7
270 289
122 129
25 38
228 209
4 21
147 162
183 233
62 75
246 282
235 199
18 38
266 247
281 275
11 49
195 217
106 119
295 276
126 133
262 268
163 177
185 211
258 282
266 253
151 171
42 31
99 119
264 276
198 239
181 219
147 167
54 26
180 223
152 177
34 45
30 52
21 45
262 272
26 3
13 59
291 274
211 199
230 222
151 156
269 241
181 210
277 259
153 165
4 55
157 156
56 18
85 89
88 86
144 172
43 35
93 67
103 94
209 203
196 180
189 195
226 234
265 288
242 294
175 122
137 148
249 250
119 114
220 218
127 135
130 169
250 278
73 118
90 77
34 36
273 244
220 182
172 155
227 194
26 38
261 278
238 219
170 127
229 202
279 249
166 127
234 193
149 141
213 227
296 243
130 121
61 115
195 203
25 42
286 277
49 8
170 157
261 287
195 209
28 10
230 205
240 241
176 158
297 288
107 76
167 153
199 196
274 249
186 226
28 17
163 124
235 203
134 122
124 137
120 128
125 164
221 181
14 15
16 26
222 191
279 256
5 26
202 214
178 160
116 104
234 229
145 126
72 97
156 148
263 272
109 92
214 185
114 88
239 186
282 261
204 200
136 130
285 274
198 208
141 120
80 88
71 69
141 135
120 162
98 69
295 266
89 62
254 240
67 110
42 6
230 186
101 90
82 67
169 138
26 58
161 169
147 126
3 57
160 177
16 50
35 51
290 279
158 122
264 241
281 263
231 185
199 201
90 108
169 127
180 234
160 179
62 113
21 55
36 49
118 77
294 268
184 234
237 188
240 295
65 118
164 153
142 161
175 178
90 62
196 223
126 175
241 251
182 189
110 103
97 80
191 220
291 294
197 189
295 275
277 279
280 254
122 149
57 20
251 282
130 136
94 103
273 250
38 32
175 126
103 76
48 27
273 294
17 31
207 217
88 61
48 26
193 236
226 182
135 122
162 137
2 43
247 250
228 216
191 182
225 238
128 179
293 285
24 45
237 198
60 67
115 99
17 23
155 146
279 298
276 241
158 137
43 47
297 255
15 2
85 111
112 84
218 217
195 193
92 71
256 293
231 216
56 39
163 147
20 38
99 101
104 92
29 3
279 265
248 296
100 104
196 193
180 197
59 51
293 299
161 121
234 185
164 141
160 145
272 278
273 295
97 89
159 134
198 180
266 271
88 67
0 3
115 104
168 162
295 271
127 170
246 253
293 297
252 256
67 99
81 80
202 223
50 53
189 206
86 91
50 28
252 264
77 68
93 61
41 29
249 291
242 266
235 223
134 120
75 118
171 130
275 274
179 122
191 226
122 162
122 127
173 146
37 15
171 174
121 124
38 48
24 4
132 150
45 19
54 22
172 168
132 163
59 12
202 182
153 177
121 152
117 82
181 199
61 65
198 220
148 149
242 290
199 184
207 195
213 187
53 13
203 219
169 139
97 60
115 98
277 298
89 96
293 280
212 222
250 266
170 158
262 254
71 116
256 271
155 165
12 50
5 7
241 299
193 197
172 167
221 237
11 6
211 197
94 78
159 155
210 193
288 252
17 14
260 277
193 211
102 96
287 241
27 35
41 36
78 77
149 139
213 200
137 121
77 81
80 73
258 293
128 145
231 198
51 41
156 165
245 271
77 110
33 49
60 112
186 223
66 107
267 271
3 58
229 219
281 282
113 98
244 267
101 82
241 281
276 265
47 21
73 117
45 47
265 278
17 5
38 50
45 33
253 254
165 167
86 110
171 152
157 151
129 148
170 173
148 162
252 241
250 242
1 44
92 111
36 22
44 21
281 297
125 173
123 179
263 296
20 24
224 218
227 197
279 247
224 225
116 75
161 134
132 142
268 271
23 27
7 10
258 296
224 198
108 95
132 158
52 29
269 266
15 8
254 267
127 173
276 263
114 97
56 11
100 70
278 271
43 37
252 248
288 269
32 23
174 139
127 166
96 83
81 85
59 14
217 197
238 230
31 29
11 3
247 269
193 191
161 167
59 45
225 180
85 72
229 226
263 276
143 159
218 234
271 277
102 93
213 191
141 177
44 33
253 255
0 57
22 48
249 282
53 1
121 148
253 257
84 109
106 92
174 127
146 169
39 8
10 49
247 292
17 30
9 36
111 88
234 236
259 263
77 103
22 17
276 285
270 292
266 262
121 146
172 143
17 48
283 297
48 13
105 62
289 249
95 63
179 123
294 250
221 222
137 158
103 77
163 131
203 187
133 156
34 40
289 290
35 26
21 56
8 50
41 59
198 188
298 264
148 144
237 194
96 64
234 217
79 101
238 192
249 288
9 53
24 43
271 256
140 147
49 35
281 252
167 121
228 236
133 130
23 57
86 95
45 5
84 89
144 178
106 74
188 203
60 69
5 21
31 15
181 235
86 94
87 85
193 192
153 176
230 191
71 104
41 40
206 217
154 157
49 45
86 117
130 142
65 103
262 250
102 109
45 0
3 52
271 244
39 38
81 94
225 221
141 129
73 69
120 146
253 265
268 282
266 257
55 30
27 8
265 243
130 135
235 190
149 168
77 70
120 141
61 67
242 279
123 149
131 121
177 120
124 129
161 157
280 292
108 77
226 229
117 102
130 170
114 65
239 231
89 71
110 70
184 214
182 233
239 197
247 276
41 13
99 78
266 294
292 251
64 119
4 53
264 298
203 237
211 185
157 143
183 238
97 75
44 15
83 76
173 156
4 29
128 148
288 290
281 257
200 214
124 154
197 230
24 23
222 194
192 188
96 65
35 32
92 78
26 30
246 277
239 194
10 42
233 219
215 223
131 129
289 247
257 268
145 144
227 237
75 72
4 59
34 16
31 42
203 216
251 262
277 275
234 211
121 127
277 268
58 46
226 180
284 266
295 261
115 88
100 107
291 262
46 44
212 211
149 127
70 99
81 63
255 261
21 19
258 274
41 21
6 21
206 237
13 19
15 30
16 35
7 15
196 187
179 147
27 29
85 82
27 38
186 199
131 152
97 72
123 166
92 117
133 142
235 211
1 17
259 294
60 90
185 182
151 149
168 129
194 231
149 154
296 270
77 109
154 155
48 42
216 212
14 35
32 51
203 231
240 259
210 234
2 35
74 113
142 166
246 284
189 182
84 103
182 210
78 67
10 55
119 76
57 18
243 254
66 76
76 70
61 85
5 36
21 25
170 172
284 267
130 132
288 245
104 70
157 144
248 267
215 206
38 59
264 258
124 143
206 239
245 297
76 75
239 229
25 40
272 242
7 6
162 156
100 85
179 152
260 274
77 100
293 272
222 209
198 187
5 31
99 63
291 275
195 214
87 95
149 178
225 196
204 197
28 53
252 278
124 164
43 12
187 220
103 107
294 252
162 177
41 30
24 9
265 280
56 59
225 205
60 99
16 47
144 167
1 16
299 274
139 145
88 69
160 163
167 150
218 186
290 261
240 278
259 257
188 199
247 263
153 152
139 121
173 142
278 265
287 260
227 212
135 147
171 137
134 140
192 226
227 226
129 149
230 217
1 59
152 141
19 40
116 68
233 197
128 159
1 45
218 201
110 67
54 2
162 171
191 193
243 267
48 15
197 231
223 201
6 15
227 184
74 66
121 162
30 9
38 9
19 28
235 214
219 224
67 108
110 84
63 110
276 279
96 75
55 33
140 127
42 10
42 46
234 198
254 270
189 213
0 17
127 158
233 235
147 135
2 45
236 199
118 68
220 214
3 55
151 175
252 263
177 161
170 145
74 102
162 163
58 52
93 72
63 117
272 257
119 118
79 71
236 204
29 32
238 183
46 30
136 170
40 2
120 144
163 169
117 61
73 84
127 153
216 222
216 223
169 175
11 52
26 16
274 299
84 83
71 95
71 92
101 95
121 155
152 150
81 73
276 266
249 283
278 282
223 210
110 111
49 4
189 202
169 159
182 204
198 237
291 259
246 291
138 120
209 220
226 237
31 12
71 83
88 77
87 111
148 139
141 164
225 237
11 0
203 215
252 266
297 278
247 251
128 125
215 182
120 124
140 170
230 198
277 254
224 231
97 73
72 67
90 60
215 236
125 153
73 107
35 43
260 247
167 134
169 164
244 265
269 287
107 115
279 250
76 104
293 252
24 2
176 168
289 286
60 114
69 85
150 167
57 53
85 88
137 159
188 238
211 193
111 94
179 155
211 218
266 287
233 237
286 273
297 295
208 234
116 87
274 275
166 161
160 170
74 117
109 111
109 116
141 126
47 14
68 85
199 223
70 90
252 243
256 287
259 264
180 184
9 22
91 105
208 236
232 180
255 299
16 10
38 42
35 4
115 92
63 88
53 58
118 64
90 86
244 266
224 194
198 186
115 113
87 84
237 227
245 264
188 209
14 20
222 195
214 203
297 267
175 179
281 254
162 140
88 118
84 115
2 20
158 152
184 194
46 49
25 31
270 246
67 98
184 185
197 202
67 95
45 30
101 119
39 45
38 3
136 151
219 192
178 159
91 98
237 189
16 59
212 200
77 84
40 7
9 23
190 219
257 256
67 68
298 268
141 137
88 104
127 129
93 117
114 103
220 213
163 162
120 171
37 0
95 78
175 153
184 191
177 136
136 148
210 217
38 28
291 287
129 153
172 120
123 127
66 92
232 184
215 189
11 35
232 231
157 154
218 188
164 121
112 79
215 225
52 10
39 2
273 274
229 199
227 188
14 42
178 143
88 105
172 145
209 187
43 26
157 131
54 41
145 178
41 58
165 157
131 158
53 14
10 48
299 266
256 292
66 93
181 213
228 212
107 104
71 117
131 159
206 218
213 222
70 71
235 201
231 192
8 46
50 15
90 112
35 5
283 280
230 213
104 111
96 70
152 155
64 62
113 60
194 181
57 3
72 64
81 79
131 150
143 140
280 267
203 180
20 59
257 273
166 144
275 284
273 296
190 234
277 297
53 21
65 73
49 39
150 140
264 268
285 253
136 152
63 70
219 180
157 123
21 9
251 291
8 20
80 109
49 43
44 30
108 102
37 36
0 21
32 46
279 267
62 66
1 51
211 187
56 50
228 186
214 212
286 272
125 166
169 170
181 200
231 200
141 123
75 61
205 191
81 102
130 163
83 102
129 134
122 164
237 214
134 155
238 225
278 263
70 102
9 37
90 82
117 72
94 81
27 14
241 243
200 182
121 160
239 205
53 38
27 44
176 153
278 242
177 142
288 299
220 237
17 13
110 66
119 109
244 254
104 62
293 240
180 215
260 281
188 189
197 192
296 284
108 119
66 60
50 2
275 293
201 215
84 88
224 193
35 10
242 259
157 166
29 15
63 76
260 298
173 143
46 12
81 100
188 194
61 108
284 258
276 278
66 96
19 34
41 10
38 29
175 137
275 283
64 92
44 38
229 225
232 191
138 165
267 293
172 171
37 29
177 178
3 45
12 51
282 274
136 169
143 120
243 293
22 8
3 53
7 28
30 4
19 30
281 248
187 197
93 98
144 164
59 36
36 8
57 0
105 106
267 258
167 164
40 52
295 286
62 68
17 35
284 282
220 206
33 30
182 192
154 141
119 101
33 29
210 199
175 168
220 216
217 225
169 134
178 125
192 193
291 271
284 262
84 72
60 98
273 245
133 160
220 223
250 286
186 219
232 227
181 233
15 34
115 97
215 190
151 167
166 155
23 46
171 156
182 228
54 39
297 284
289 252
10 1
132 145
173 131
262 286
140 142
211 181
278 272
249 255
110 89
208 182
66 98
71 60
293 266
71 98
194 183
264 240
40 23
298 284
164 172
242 292
4 32
111 79
13 38
185 233
217 186
230 207
69 107
155 178
180 204
12 9
259 273
12 55
32 50
146 120
9 50
237 230
122 142
75 104
170 121
72 115
9 44
246 288
43 58
250 262
150 121
67 77
33 39
249 240
277 267
109 93
245 285
77 87
70 119
57 32
11 58
264 253
110 97
98 70
271 240
149 162
290 260
122 167
25 11
194 182
248 280
83 79
202 206
272 291
258 256
104 96
130 155
152 145
255 254
150 174
60 94
0 55
27 48
60 96
20 46
140 155
59 18
189 210
220 192
276 256
266 244
41 18
145 155
172 152
207 196
183 182
95 83
187 211
26 8
129 139
297 269
235 224
277 245
36 55
238 283
83 89
281 264
168 134
8 37
31 6
127 165
98 100
143 172
9 24
267 252
186 227
2 17
202 205
19 39
92 64
255 293
189 218
27 52
150 178
140 157
202 232
202 216
100 95
78 64
276 277
278 275
83 82
124 150
152 162
253 293
36 21
45 4
99 85
105 111
200 189
239 190
136 126
120 160
144 128
146 156
190 184
293 249
58 45
110 77
169 160
170 161
107 82
70 104
118 87
57 54
123 133
234 233
48 39
59 39
101 99
135 163
67 87
265 283
192 195
200 192
192 202
174 152
11 29
194 217
97 66
233 218
278 248
10 23
153 160
251 270
188 229
269 277
234 180
133 122
252 246
263 245
22 29
215 216
192 230
32 56
265 254
169 125
64 67
9 6
281 286
39 19
139 174
73 106
29 10
216 218
230 226
196 222
266 281
184 220
81 71
79 113
29 57
251 260
288 251
213 201
234 237
80 118
11 57
233 204
83 116
212 203
109 98
136 176
93 77
88 75
82 97
244 271
175 131
8 43
38 19
123 175
191 206
146 153
294 276
283 275
229 209
247 271
4 52
238 184
50 23
156 153
157 178
278 283
214 209
5 17
299 244
128 130
35 11
20 13
256 262
92 84
297 296
187 221
145 150
22 57
150 179
269 296
209 222
102 86
257 295
155 161
299 289
31 11
11 43
165 169
113 76
226 216
269 268
277 256
110 91
151 178
231 230
147 127
196 232
168 140
63 71
126 134
237 203
13 18
297 258
237 233
41 17
291 282
247 244
61 92
154 143
91 71
40 46
77 105
96 108
146 152
260 283
90 97
250 280
162 125
263 242
276 267
265 257
49 11
202 189
197 234
92 81
120 122
18 1
175 177
69 108
228 181
273 283
50 4
152 133
210 200
159 124
135 142
19 54
279 288
135 145
135 178
7 12
241 277
243 276
171 142
199 224
286 241
92 68
50 6
8 56
137 123
99 70
22 35
227 233
187 216
226 239
169 121
84 102
51 53
159 170
147 120
40 22
188 204
24 54
138 155
123 120
195 239
190 226
260 248
250 257
200 223
32 57
89 92
283 298
50 10
172 128
2 3
7 58
44 6
180 209
88 93
224 239
235 182
232 182
151 120
231 195
244 253
14 6
166 128
101 87
280 285
121 141
27 7
158 166
283 295
129 142
70 61
181 230
253 297
32 59
141 146
189 201
97 96
34 56
91 81
101 84
208 228
221 188
268 254
136 138
15 4
145 148
39 17
187 208
144 179
164 147
13 39
283 256
85 67
9 19
223 211
243 268
220 230
32 43
260 272
273 275
23 58
48 19
273 270
144 175
18 49
127 155
298 257
262 246
192 206
100 96
222 221
103 84
297 299
44 37
163 136
42 14
155 145
149 137
50 59
168 141
239 187
135 120
231 186
181 229
180 238
41 35
276 274
179 178
120 156
19 4
26 28
268 257
108 116
295 269
132 135
143 139
146 170
198 233
190 202
129 179
275 296
286 266
235 191
165 130
252 288
9 48
106 84
45 11
43 30
42 59
130 146
169 124
219 211
247 255
36 6
42 21
250 293
285 263
203 198
198 209
243 299
258 263
150 149
208 232
113 64
40 43
277 299
35 21
237 215
101 94
141 156
124 144
148 154
55 0
228 215
111 91
91 66
118 70
130 177
41 4
199 204
192 181
137 140
218 203
257 278
177 143
171 123
250 281
229 237
122 123
118 95
178 122
273 288
95 60
11 55
51 59
63 65
1 48
58 10
153 170
57 7
124 148
59 28
203 217
92 66
64 82
139 160
256 250
171 145
114 69
283 261
64 104
63 91
198 185
114 80
64 116
166 139
29 45
37 58
88 99
200 238
47 12
235 222
105 75
263 262
212 184
190 229
192 190
50 22
167 127
243 285
213 233
97 114
283 284
72 100
58 53
76 73
216 198
106 95
199 222
17 3
26 6
271 257
47 50
72 82
123 148
238 216
84 104
180 193
172 156
14 22
62 109
27 12
257 299
104 116
223 204
17 16
216 187
291 264
114 77
25 34
0 12
225 236
78 71
56 14
241 246
11 38
101 76
163 127
24 30
131 178
230 188
11 51
214 200
10 53
278 284
170 144
266 289
144 123
41 1
254 268
7 45
66 104
143 136
243 265
238 214
80 116
240 299
51 52
21 6
257 281
270 272
132 127
264 277
91 87
186 190
3 31
268 281
197 214
45 54
103 115
150 147
286 275
287 248
87 67
31 38
129 169
249 277
152 142
114 68
33 24
183 230
294 287
57 30
110 107
91 67
18 29
128 137
43 32
274 251
249 273
237 184
237 225
176 155
89 69
128 154
173 138
127 139
278 276
78 92
282 240
201 181
30 18
243 286
218 205
298 266
113 91
14 25
143 147
155 132
244 282
76 78
91 84
127 133
231 202
128 178
158 154
288 296
39 12
26 45
141 142
110 61
231 204
47 48
287 246
241 294
266 240
201 225
36 27
255 245
216 226
16 44
175 130
255 286
107 94
30 32
280 298
248 261
158 156
54 8
154 124
169 177
35 25
135 153
28 1
216 232
166 172
57 35
171 161
99 106
79 70
33 38
271 276
195 211
30 27
45 58
290 268
95 72
45 38
174 137
243 245
174 153
162 120
100 77
36 34
200 202
217 182
88 78
38 15
102 82
196 185
110 83
98 114
84 112
281 259
82 66
228 214
129 127
201 198
282 283
73 93
87 79
145 179
31 25
214 225
51 6
178 147
260 292
229 196
207 201
12 15
298 285
44 42
204 234
256 249
196 214
257 265
113 80
53 12
197 217
97 81
34 19
127 137
146 154
223 207
138 125
58 49
114 76
266 268
136 133
24 6
95 114
74 106
47 10
266 277
256 277
67 72
222 183
298 263
72 98
259 260
199 186
63 111
254 296
285 277
111 80
217 199
33 28
292 243
30 37
82 104
194 210
107 60
221 225
145 123
88 96
41 3
109 87
253 277
118 84
180 189
258 291
128 132
188 217
32 13
13 23
244 283
208 225
256 278
94 77
132 133
220 198
278 266
127 159
213 217
33 58
17 41
100 116
219 201
124 179
288 268
272 265
158 146
233 213
3 39
178 177
216 205
19 24
52 6
109 85
97 76
201 221
261 293
193 200
184 205
140 173
252 245
163 175
46 8
44 9
236 221
19 10
52 38
219 208
148 173
167 138
70 69
117 73
126 171
73 61
85 97
9 46
216 206
254 261
224 180
74 96
50 3
273 263
285 291
276 262
282 248
95 119
261 299
45 35
17 0
256 253
206 195
291 254
108 65
262 288
181 184
86 99
10 11
131 146
166 141
263 295
98 89
255 278
166 146
27 33
227 199
214 222
32 48
197 223
28 43
164 163
257 282
105 115
87 68
287 262
259 299
281 296
133 148
63 93
288 282
7 30
37 53
6 26
236 186
180 191
177 170
231 225
187 212
90 71
125 155
236 205
62 114
145 127
204 231
228 193
23 53
147 141
224 234
231 183
92 85
162 173
5 11
199 216
257 287
282 241
216 188
285 247
173 174
271 288
206 187
234 187
286 259
115 96
114 105
69 109
290 285
67 91
261 257
104 82
153 154
111 115
152 144
243 244
86 114
204 216
216 200
29 49
221 195
221 217
66 102
212 236
75 86
275 245
25 19
187 230
184 206
255 283
10 58
270 264
123 121
53 5
62 103
148 172
25 41
12 32
24 37
287 298
152 149
102 65
50 31
75 67
253 270
42 5
227 196
45 17
9 32
9 42
269 263
225 194
263 274
153 156
240 283
106 62
205 202
286 281
243 274
61 114
49 21
100 115
229 208
231 206
206 186
179 169
154 123
260 254
94 99
76 102
157 168
166 169
83 104
32 20
248 250
14 19
22 7
195 237
171 166
237 191
211 188
186 203
290 262
54 18
168 121
19 51
295 244
225 185
283 263
81 99
64 93
32 55
53 36
76 77
196 207
268 263
195 207
114 61
1 24
228 204
195 231
27 2
281 279
144 135
142 147
93 85
74 69
39 4
168 128
60 86
215 180
215 195
85 106
36 4
198 201
15 48
299 248
243 297
104 81
265 273
234 214
282 272
137 175
226 187
119 97
228 195
219 182
129 167
229 223
269 272
7 27
176 146
147 134
246 278
267 285
266 252
22 40
239 211
92 79
39 13
268 278
232 222
119 106
152 160
23 14
100 86
157 172
280 272
22 39
28 32
246 290
3 19
103 92
60 83
171 135
295 243
121 156
195 233
32 54
13 29
178 141
242 288
8 47
30 5
100 78
290 272
171 163
178 148
82 91
187 237
47 40
260 240
290 245
260 295
240 273
116 103
176 147
125 167
141 161
228 191
67 119
82 111
247 287
229 192
195 210
117 79
148 155
262 291
152 169
202 226
272 288
193 186
192 184
2 39
58 19
21 52
33 9
29 42
49 15
55 51
289 296
224 186
238 224
6 18
136 125
2 44
68 63
205 233
203 195
231 180
168 170
292 293
130 167
150 163
132 126
128 134
290 248
168 166
141 165
122 173
232 213
241 297
142 137
65 100
234 219
220 183
238 215
157 122
217 211
63 78
230 211
185 183
222 200
158 129
179 160
278 250
135 132
247 248
156 178
26 24
150 138
85 98
289 277
116 119
109 72
7 42
221 186
32 44
66 72
106 66
270 279
23 26
242 293
194 218
111 119
157 139
60 107
182 213
274 273
166 131
90 109
29 17
212 223
104 98
106 61
114 67
250 299
46 35
53 59
60 64
249 294
122 150
231 199
151 150
79 81
109 103
102 104
116 88
256 265
64 115
205 222
30 36
34 3
208 201
46 38
209 200
244 291
144 138
274 242
241 276
26 20
299 247
138 128
208 203
186 181
293 262
142 150
65 91
255 263
205 228
0 10
233 227
290 271
123 173
104 85
29 41
18 42
204 229
227 239
184 232
78 93
195 229
39 54
166 153
155 173
221 180
217 238
173 175
212 209
92 115
27 19
245 268
169 158
209 217
3 27
56 27
38 12
60 80
257 284
280 289
231 239
166 163
78 111
238 227
43 0
8 6
84 91
88 113
162 151
159 142
47 39
263 280
278 280
118 94
146 171
133 154
289 243
286 276
244 285
282 260
99 102
186 234
94 117
140 169
75 77
46 29
12 40
72 70
92 95
124 176
215 213
23 41
32 30
153 133
63 69
7 36
266 292
55 44
277 251
161 126
175 143
197 182
201 230
4 31
187 227
232 186
78 96
189 225
17 46
108 62
102 97
12 18
235 227
69 60
157 127
47 1
25 15
186 192
30 15
164 148
219 195
10 8
295 289
41 23
96 114
175 150
88 101
159 123
279 251
279 271
105 112
188 201
208 230
195 187
85 119
171 146
50 25
23 56
115 70
290 264
274 241
111 86
166 145
13 5
294 280
287 264
150 153
247 278
231 196
270 287
271 254
230 218
239 196
234 188
79 72
132 121
251 246
212 191
264 281
20 2
106 112
181 226
11 32
180 228
69 87
107 93
165 156
288 262
250 247
129 135
44 20
286 246
147 137
182 229
213 189
44 19
86 98
31 57
180 202
145 138
230 234
202 210
98 91
296 260
196 184
145 149
294 258
205 208
44 18
243 296
0 40
212 199
91 74
192 221
224 235
31 44
128 157
281 249
295 241
64 108
5 44
16 0
85 69
272 290
246 271
184 239
128 169
153 123
181 236
81 101
190 210
161 163
236 189
194 211
230 206
193 221
6 54
76 60
71 89
288 267
270 240
213 234
142 179
149 148
12 19
286 287
1 53
209 193
190 225
84 64
115 87
277 284
281 245
226 185
285 282
299 246
162 124
176 125
29 12
47 17
152 172
272 256
203 197
184 237
32 4
65 70
26 50
192 199
74 67
146 159
236 210
21 29
9 20
241 254
7 39
260 273
170 153
137 163
200 213
94 68
164 162
57 52
205 180
105 68
149 145
152 175
235 202
271 298
126 153
113 79
205 204
52 58
1 52
124 127
117 111
8 35
24 50
255 280
13 12
16 17
46 18
298 249
55 12
64 61
133 175
200 195
285 284
89 117
106 89
241 257
148 169
94 85
158 132
275 268
262 280
57 55
142 144
6 34
240 264
217 184
131 140
272 240
177 156
119 107
294 281
211 190
147 174
156 174
55 37
15 50
204 199
236 235
131 165
70 103
211 238
242 261
118 69
228 232
173 169
121 159
289 291
64 70
186 218
251 265
159 137
94 87
36 58
244 270
93 83
100 109
230 196
30 50
274 272
262 276
155 129
161 130
49 2
25 44
0 23
246 265
58 23
100 83
93 102
228 197
76 79
231 229
255 249
289 281
226 215
30 24
0 16
166 122
45 24
60 66
178 154
217 210
7 37
181 203
133 131
100 61
284 259
263 249
163 149
51 55
137 141
24 25
240 267
174 149
155 179
8 59
31 58
265 275
298 291
216 208
118 81
214 217
200 208
185 194
175 147
81 116
132 120
257 280
120 121
62 73
209 224
263 271
78 86
167 175
254 260
217 214
110 75
11 42
261 277
40 59
217 232
105 80
62 104
231 227
268 285
75 81
77 63
27 11
85 116
96 94
270 294
104 110
125 130
159 162
242 247
163 143
193 185
118 102
97 84
216 186
120 133
76 80
14 56
297 282
135 174
37 32
46 27
159 153
213 192
164 140
196 237
262 294
204 220
56 42
8 13
229 185
251 245
113 67
182 238
34 21
41 43
16 37
172 158
43 9
229 193
279 266
235 189
110 113
135 164
156 152
138 129
289 283
44 25
264 286
143 154
236 223
257 253
122 141
146 178
46 42
121 133
183 237
177 127
5 55
50 18
22 10
216 193
138 177
36 38
151 153
45 26
87 97
49 36
203 224
177 145
135 134
93 103
269 284
112 107
5 43
282 249
184 193
236 217
10 31
258 283
272 267
243 280
195 228
206 198
259 251
176 123
65 112
77 72
239 217
213 235
113 93
68 103
125 161
36 44
151 137
152 140
60 104
259 283
221 197
108 103
51 58
96 78
194 223
137 128
146 140
263 269
197 201
147 140
249 258
20 36
46 9
220 188
15 17
121 149
103 111
298 265
174 158
108 118
103 97
95 64
127 151
298 252
271 259
186 188
252 299
141 157
278 262
251 289
176 166
257 285
148 176
111 113
79 114
276 257
237 201
248 260
84 77
186 206
65 108
270 262
286 253
43 42
167 151
156 164
115 103
117 101
128 171
285 241
105 92
267 288
193 183
149 165
51 38
215 228
63 62
163 137
61 102
227 208
186 217
274 296
172 130
129 155
134 157
97 100
24 22
49 37
64 111
181 237
68 111
35 14
269 289
88 68
108 60
144 151
170 147
176 129
152 157
224 212
285 256
48 38
165 143
182 196
105 63
44 2
172 153
191 235
158 121
292 256
222 236
1 37
38 56
17 57
256 242
62 92
125 123
175 174
12 8
112 80
199 183
67 64
62 106
44 54
131 132
174 160
196 228
228 222
281 247
183 231
262 292
243 284
50 51
167 129
109 69
176 160
58 20
155 140
103 104
152 134
298 270
264 294
108 87
76 97
118 99
70 116
23 11
82 84
241 293
144 149
129 124
295 256
13 33
153 120
252 281
102 77
218 239
100 73
255 240
149 174
123 169
157 176
213 219
279 252
175 176
0 39
174 156
254 246
80 112
172 150
124 120
286 295
154 151
192 231
12 46
135 166
98 96
255 295
263 297
140 131
202 230
285 246
79 77
217 190
149 136
299 290
139 131
214 238
256 282
245 298
264 272
86 115
164 160
162 121
215 211
76 61
63 106
261 244
275 243
179 129
18 25
173 151
65 82
0 14
46 3
293 277
159 129
293 247
200 203
65 68
148 170
233 207
24 55
244 296
171 126
240 246
259 253
178 164
261 276
288 249
97 67
289 267
61 66
251 293
71 114
265 282
26 33
48 7
237 207
169 126
164 120
68 107
88 92
138 168
127 140
289 292
150 130
68 105
222 182
246 294
174 170
163 123
197 226
285 281
205 206
247 281
215 184
85 104
249 298
207 194
192 198
153 122
160 141
190 187
226 227
286 261
78 70
258 264
19 7
165 150
19 9
208 202
90 66
9 54
177 152
6 48
134 178
39 3
21 35
97 62
299 258
83 62
89 84
119 72
46 31
70 64
32 8
275 279
43 39
228 219
205 224
165 148
178 136
274 243
267 284
125 148
147 148
184 204
251 278
234 224
114 119
145 141
214 199
199 219
128 149
155 159
250 254
119 61
141 170
263 277
173 172
36 15
262 265
296 298
100 74
263 258
59 11
26 34
229 207
218 211
7 56
43 44
113 70
130 133
198 216
77 83
105 74
86 106
87 71
23 29
147 145
68 67
217 201
7 44
107 85
232 217
236 212
74 100
16 4
238 191
153 151
209 208
33 42
230 232
275 258
189 198
169 149
253 248
135 169
150 123
46 17
273 265
191 183
181 225
237 204
269 250
107 61
108 74
163 146
277 260
147 165
119 69
85 107
30 10
201 217
228 199
293 287
202 183
1 38
200 235
116 91
210 233
124 130
221 213
236 222
254 283
239 183
280 295
52 17
168 149
75 60
43 54
224 209
25 16
17 36
266 295
204 196
76 108
147 175
269 252
166 136
212 235
220 231
141 147
60 119
102 69
32 7
277 255
73 108
154 132
48 11
72 79
75 106
42 33
177 128
270 295
78 104
170 123
167 139
240 272
137 125
194 199
171 149
63 60
284 271
210 184
147 170
112 62
156 120
34 39
154 127
299 260
262 278
76 91
269 280
294 256
282 253
284 242
156 147
208 224
252 286
169 167
92 104
119 93
156 179
222 180
122 176
88 108
121 138
162 139
258 251
179 127
137 127
159 167
25 30
143 144
7 16
222 215
63 85
74 107
49 48
173 152
94 92
59 2
281 242
129 125
137 162
189 227
296 263
72 80
126 122
176 150
122 154
1 25
226 192
227 183
213 181
109 64
116 118
131 123
193 218
33 50
147 163
98 64
249 293
72 93
279 245
238 209
68 87
256 294
197 190
115 108
199 193
130 124
134 166
166 165
65 107
271 241
94 106
299 283
86 81
36 43
93 106
84 108
288 243
263 247
152 235
49 47
141 125
119 65
180 232
245 263
173 150
180 182
115 102
261 280
257 275
215 202
5 49
247 288
260 268
90 83
99 67
72 118
261 240
158 164
13 28
174 135
233 238
139 149
176 120
21 14
208 189
250 264
270 256
88 116
243 258
274 266
238 187
288 265
142 165
76 63
205 193
279 262
68 74
142 154
223 214
177 157
262 251
222 226
291 284
223 181
10 3
93 88
108 91
137 154
260 275
109 82
190 218
176 122
12 37
140 122
73 104
106 68
182 208
228 210
18 56
277 285
111 72
122 174
287 266
291 257
30 17
228 238
137 155
184 211
268 279
6 56
7 21
80 86
116 83
43 1
259 256
191 222
20 55
247 242
229 232
87 64
99 109
167 169
269 244
293 267
135 123
11 26
104 83
293 261
42 17
173 167
138 159
140 139
231 212
220 199
263 254
149 122
179 173
188 219
175 127
152 166
65 69
234 194
226 235
39 46
293 281
270 282
50 45
275 288
147 153
135 156
257 271
63 96
156 142
243 271
275 269
78 119
242 278
33 54
258 285
52 21
112 66
199 206
141 150
120 170
181 223
236 183
67 115
233 226
294 290
84 79
96 119
153 155
148 158
196 197
172 138
35 28
254 269
138 153
39 51
129 164
114 75
192 217
62 118
132 125
222 193
88 74
269 294
145 176
78 105
61 64
189 216
164 177
44 8
252 251
154 158
270 297
130 137
28 8
83 68
218 213
117 69
210 190
282 254
141 143
79 93
104 105
261 297
55 21
286 263
291 250
252 279
269 298
291 281
119 94
34 18
69 63
36 17
140 177
245 270
80 74
259 269
179 137
299 292
268 288
276 282
41 26
155 120
178 120
273 285
260 297
146 174
113 117
219 217
122 159
110 60
52 24
144 124
275 289
33 53
174 142
158 162
123 156
217 195
273 279
195 198
55 28
155 128
35 27
252 276
242 276
280 253
290 244
242 291
243 261
219 184
101 114
242 249
10 7
260 289
154 148
0 32
130 154
116 102
8 19
84 107
119 70
77 91
234 183
70 79
189 188
35 52
220 190
61 106
52 41
70 105
111 106
178 179
258 281
118 110
231 187
269 282
270 257
231 193
253 281
89 81
275 273
287 247
33 37
11 14
210 196
181 201
293 286
182 188
201 238
71 82
245 250
294 273
270 278
252 271
67 90
29 28
121 165
3 24
76 62
185 217
56 44
4 16
12 29
87 104
239 199
293 260
35 44
228 211
158 171
138 171
58 2
26 37
115 111
146 166
22 11
202 236
296 286
245 257
291 296
189 231
30 26
77 88
94 109
268 293
52 11
208 213
133 136
233 216
292 272
207 216
222 204
214 224
29 0
220 202
204 198
34 49
181 224
239 189
209 216
287 273
66 77
175 173
245 246
285 262
44 46
21 2
157 149
211 204
183 208
242 280
242 243
273 293
207 199
296 254
98 108
239 228
276 296
220 193
196 191
170 139
9 27
53 10
129 120
46 41
280 248
91 109
218 192
241 290
86 87
240 293
212 228
38 18
175 148
68 118
287 291
151 135
221 198
200 205
166 123
89 106
287 299
251 247
159 175
97 95
130 120
160 149
248 262
28 54
194 227
67 116
207 214
191 219
16 54
96 107
117 62
272 284
166 168
218 190
102 113
248 286
9 56
119 84
285 276
213 224
284 287
67 86
245 242
43 13
169 120
97 85
106 79
30 21
33 6
154 126
275 246
25 5
6 49
7 48
296 275
279 276
82 64
201 184
169 147
160 152
85 76
134 174
8 52
182 216
224 192
219 181
36 24
284 295
248 242
216 181
217 198
140 167
272 252
205 225
163 135
41 6
148 153
277 276
156 143
43 2
170 152
223 238
236 188
77 74
40 53
274 258
256 266
32 28
169 123
156 157
188 234
254 247
120 155
104 87
64 109
44 12
267 253
264 284
67 70
202 180
235 194
133 150
54 35
32 21
44 23
242 299
176 177
109 90
237 223
148 127
19 26
17 34
43 51
22 34
215 226
194 188
201 188
207 191
15 6
84 110
272 248
93 68
60 116
92 69
152 123
148 123
227 205
226 191
191 217
20 28
150 131
135 179
181 202
138 151
99 82
260 245
9 18
14 12
6 16
171 140
38 27
266 270
201 180
139 179
30 38
67 101
258 253
271 299
34 29
111 81
193 233
288 246
95 62
127 134
189 221
256 268
192 228
106 103
27 59
233 221
170 150
167 142
135 128
43 4
191 215
194 238
240 282
148 125
179 138
218 189
56 28
221 202
151 172
158 179
70 108
85 102
6 35
128 122
160 146
85 83
89 72
159 168
275 262
223 194
31 54
72 111
225 186
295 249
130 162
239 207
264 283
162 154
245 262
288 277
258 270
229 215
278 247
133 143
268 255
258 257
148 121
146 165
102 85
155 147
90 85
142 156
32 31
111 108
133 169
251 271
12 27
24 0
233 236
269 240
111 89
196 212
285 252
91 73
0 28
192 197
159 125
233 184
6 19
161 159
284 281
75 93
196 204
268 261
48 34
238 196
242 277
100 94
105 72
4 22
287 255
239 213
128 156
204 206
139 158
277 294
56 25
228 223
232 202
98 99
101 74
274 250
42 8
25 13
14 1
52 59
226 193
247 243
143 165
235 228
191 207
96 62
231 209
228 237
234 222
151 147
174 136
80 108
98 106
277 291
0 25
220 204
255 273
269 254
77 67
181 239
199 182
20 52
292 262
102 90
284 255
203 232
85 90
159 146
109 119
70 75
107 65
164 152
30 49
154 145
148 136
144 126
96 85
152 153
18 53
198 222
230 227
147 129
179 163
297 246
149 150
250 249
36 53
255 265
192 229
222 227
88 83
179 177
215 198
177 133
253 289
267 278
138 152
30 53
143 124
256 263
184 208
95 84
198 191
149 129
234 215
73 98
252 298
202 211
39 56
176 127
256 258
4 57
21 44
24 29
86 65
295 297
151 177
229 230
143 155
223 198
186 198
77 104
243 240
267 262
140 175
193 184
45 46
168 127
6 45
38 36
128 164
125 175
118 72
254 275
142 175
108 82
22 56
99 80
64 95
98 84
154 140
77 65
257 292
26 40
93 104
14 50
137 144
113 83
153 169
100 117
82 107
33 27
164 123
56 3
90 72
134 131
23 7
289 260
61 86
268 272
159 176
96 60
214 191
1 56
24 32
295 251
4 49
299 265
220 201
8 16
47 32
241 291
150 168
13 52
276 272
42 22
69 102
240 270
44 3
212 238
101 104
291 285
190 236
65 111
168 152
16 8
276 252
204 230
268 298
217 224
3 37
97 116
195 219
257 274
144 142
292 298
0 43
200 217
142 177
281 272
232 208
283 244
255 294
271 255
100 91
161 145
287 282
8 21
269 292
199 207
135 168
203 200
114 90
123 122
257 247
205 231
268 265
255 270
237 183
149 146
279 248
122 148
120 163
259 298
112 100
91 99
265 281
80 114
38 52
275 244
66 74
112 64
125 176
120 131
216 220
44 51
146 148
46 53
269 297
185 226
50 30
62 64
94 70
280 268
278 288
259 254
37 18
23 48
240 258
285 265
249 259
107 110
90 63
192 204
223 183
108 92
119 96
111 60
289 275
82 116
23 16
221 232
56 9
81 88
19 22
38 43
76 81
72 109
0 41
98 113
219 209
182 211
206 220
120 147
180 219
177 167
126 139
294 269
218 229
271 265
134 179
266 275
155 139
237 211
35 46
249 262
145 172
90 70
169 172
143 157
205 232
19 57
63 99
7 0
152 171
261 243
254 293
225 200
60 115
33 4
115 101
71 111
259 243
55 8
170 149
51 8
258 298
225 191
3 30
19 53
6 13
91 118
108 67
56 17
91 106
160 132
96 95
104 84
16 56
93 108
69 103
143 176
19 59
68 75
84 60
167 173
93 111
38 45
118 107
216 180
11 28
72 108
160 127
123 124
224 233
268 251
146 127
288 266
142 129
237 239
23 5
37 40
229 201
47 18
94 83
42 45
230 200
34 43
245 295
122 175
66 111
42 1
19 5
6 55
74 111
58 16
6 0
165 138
289 279
93 64
109 84
134 126
297 270
227 180
57 59
100 82
88 84
191 213
282 288
177 132
132 154
272 279
256 289
101 107
95 98
251 269
272 285
125 160
65 62
159 144
118 92
284 292
125 122
71 73
209 235
275 242
138 141
222 238
215 231
73 91
198 200
90 117
24 40
280 269
90 107
230 238
22 46
251 263
157 140
58 31
52 2
93 105
36 47
99 103
277 289
97 109
41 47
25 47
152 138
99 98
158 130
80 69
83 100
115 75
43 59
250 243
105 113
186 183
113 112
220 208
39 49
61 90
152 154
43 18
25 51
242 264
283 254
240 277
198 234
185 236
132 123
286 248
278 291
170 162
177 129
46 45
235 225
38 14
153 132
18 57
59 37
44 17
240 262
206 214
126 138
190 199
154 153
255 247
289 295
16 6
177 168
83 103
140 168
144 153
240 276
112 81
282 270
195 206
251 290
230 215
128 127
266 267
263 250
28 24
32 34
268 243
85 64
36 7
220 229
11 37
217 222
264 242
296 247
248 251
185 223
246 243
210 202
284 257
40 26
18 10
79 100
34 54
95 102
2 50
286 260
140 132
183 185
97 63
257 260
156 139
73 90
284 289
274 295
200 196
279 299
104 89
125 145
86 60
233 200
126 154
190 233
170 133
24 31
18 6
79 119
141 139
298 273
241 288
31 20
198 215
4 56
142 170
46 21
295 273
240 284
214 186
57 48
275 270
156 161
105 87
25 29
80 102
231 184
272 255
37 43
143 150
297 275
176 136
194 190
290 281
43 52
297 244
281 283
47 30
269 247
264 270
136 179
16 18
218 230
182 180
112 71
61 96
95 105
188 184
240 265
222 190
185 216
30 39
297 272
27 55
275 272
284 270
96 81
133 167
7 31
201 228
202 203
178 165
58 55
116 62
44 58
298 286
231 191
157 137
198 229
167 177
105 81
88 73
185 235
74 75
100 102
154 136
200 180
23 55
106 113
286 250
161 137
43 38
236 230
224 199
291 283
55 45
135 143
173 134
43 29
205 190
108 70
241 289
288 248
140 163
115 86
213 205
18 30
214 182
97 88
188 202
107 102
5 33
170 155
85 101
111 65
78 97
59 22
239 181
191 211
29 26
134 121
78 81
162 129
247 293
227 190
144 130
95 75
233 205
149 164
42 35
266 274
86 100
8 5
93 80
249 268
91 100
81 97
294 266
93 113
91 70
191 231
291 242
111 107
172 174
233 234
38 4
144 150
10 37
89 66
160 172
167 123
227 218
6 3
17 28
129 146
116 100
234 208
253 244
230 236
245 281
78 65
118 71
109 78
179 172
79 78
262 287
7 47
261 254
15 57
262 253
153 146
39 9
40 56
144 136
273 278
150 155
45 23
234 227
106 110
161 144
175 142
156 158
226 183
165 128
238 217
258 262
212 202
85 68
144 120
20 57
250 259
267 286
219 204
141 124
126 160
45 3
261 266
34 6
68 71
66 100
21 7
244 255
140 121
230 228
296 272
143 151
33 11
36 16
138 176
138 163
221 199
2 9
95 71
143 122
235 219
130 172
167 136
139 135
243 279
0 6
13 10
230 193
33 8
277 283
164 161
187 189
220 232
270 276
5 48
233 187
45 9
86 107
171 131
155 125
284 288
58 44
5 8
255 275
41 12
188 206
33 19
86 101
55 50
130 144
186 205
179 142
246 242
46 59
126 127
153 149
91 82
238 237
43 7
71 77
204 182
136 137
105 99
216 210
181 193
226 196
161 150
33 47
114 112
73 99
51 9
150 158
298 250
211 182
143 171
56 0
20 54
122 153
131 134
47 42
166 164
291 290
261 249
90 94
202 201
48 50
26 5
211 221
76 84
200 193
103 78
150 132
212 207
18 23
220 217
110 79
6 17
111 78
63 82
245 251
15 39
201 236
230 195
190 213
259 266
42 29
10 24
13 7
197 212
39 5
235 196
40 57
277 262
277 280
163 126
162 164
29 56
180 186
163 156
110 63
203 233
282 289
183 211
82 69
226 218
210 228
26 21
229 198
207 202
120 126
133 177
259 249
7 22
102 79
18 8
169 161
83 60
267 290
102 117
272 251
170 126
83 101
236 209
207 197
124 163
246 269
55 52
131 135
208 198
94 72
225 210
283 277
166 148
201 235
296 265
66 84
248 252
33 45
117 114
113 86
91 113
30 46
274 263
170 141
256 284
236 187
240 263
265 246
288 291
39 41
105 102
18 2
38 6
37 35
190 212
243 252
51 29
129 168
181 227
144 133
260 265
42 52
127 122
202 229
67 81
180 195
149 177
284 272
250 261
94 102
99 88
123 164
70 94
36 1
109 75
275 282
224 200
79 94
102 108
52 48
86 73
86 89
258 267
271 286
186 202
60 84
296 278
99 62
186 207
25 1
265 294
22 15
195 218
292 252
49 1
11 46
272 297
200 181
225 181
152 159
295 248
79 74
189 226
218 193
253 288
44 1
131 136
294 259
281 271
148 122
32 41
93 118
51 25
187 231
164 179
207 180
75 68
121 157
37 47
209 238
189 215
283 267
56 30
55 9
87 90
160 147
255 264
39 6
34 20
80 66
133 134
203 192
191 204
208 199
101 78
12 10
202 200
111 114
0 34
151 132
166 162
224 238
57 4
272 264
176 165
83 113
98 118
279 244
196 218
75 105
213 195
2 32
25 2
104 80
144 140
297 248
122 178
119 80
288 263
293 282
183 200
189 237
206 188
41 31
159 138
206 232
63 64
237 181
190 180
283 274
154 164
1 55
36 42
113 78
106 114
241 262
204 225
285 299
233 194
97 110
125 126
200 222
22 3
8 15
146 172
140 172
89 70
69 79
142 133
241 260
79 110
2 48
116 65
156 163
107 113
83 74
228 235
208 235
69 113
187 207
139 137
39 42
268 249
119 108
195 234
273 287
198 206
42 9
136 157
249 248
106 96
105 95
134 125
17 2
232 223
46 55
142 178
0 1
63 84
228 189
170 178
35 2
69 92
82 115
76 86
66 80
193 217
132 137
55 7
299 288
217 236
265 260
110 72
33 34
173 122
20 6
51 13
76 83
215 203
168 138
29 33
272 266
214 236
190 228
299 257
6 47
129 128
261 296
266 291
286 291
182 200
277 274
73 112
97 64
117 110
104 91
81 104
65 64
287 245
225 183
235 213
227 198
34 38
24 53
122 138
138 139
103 69
187 236
40 37
177 137
245 248
42 58
90 95
76 110
252 296
29 19
120 159
276 268
91 80
66 115
294 292
65 72
191 229
139 144
59 47
85 66
78 90
298 269
148 128
50 14
38 26
151 146
66 110
141 127
126 150
147 133
269 262
72 61
132 152
228 185
271 251
69 75
175 167
85 65
57 51
47 34
184 203
282 277
124 153
11 1
218 224
166 152
291 252
261 263
116 84
261 283
246 262
234 223
217 220
87 72
136 132
286 270
80 113
4 17
266 286
96 117
13 51
218 209
267 263
111 112
126 161
115 72
292 296
175 162
53 51
267 283
206 229
61 74
159 143
173 162
17 56
160 161
244 261
44 28
17 47
156 171
191 205
162 132
242 256
107 70
151 179
33 40
176 137
279 257
274 264
194 230
203 225
40 45
52 4
286 283
82 62
247 277
30 45
273 253
86 119
82 108
125 136
38 17
268 277
209 186
200 191
223 203
0 37
62 71
108 109
138 160
267 268
245 249
206 199
163 139
75 113
153 128
290 283
111 100
162 136
64 117
219 186
116 101
185 205
119 85
70 72
47 4
51 43
282 265
226 225
137 134
201 185
176 151
28 23
11 16
279 269
260 288
236 194
29 24
0 35
28 56
238 194
289 271
251 294
60 105
277 295
23 15
197 213
190 189
135 167
190 201
66 113
276 289
48 10
241 247
236 208
134 139
284 290
85 94
289 255
169 150
292 249
285 273
239 225
289 265
245 286
89 118
167 172
140 124
226 199
75 98
89 65
142 171
212 185
213 193
117 108
13 11
239 230
205 198
151 155
251 281
88 112
19 21
222 233
173 124
182 219
202 221
280 276
142 130
131 122
239 227
151 169
76 74
88 103
266 272
139 151
35 33
135 155
265 252
187 191
269 260
121 135
109 110
179 125
31 56
152 137
66 87
281 251
246 273
169 144
228 180
233 199
20 7
66 83
284 274
176 172
155 154
181 211
22 54
61 72
140 166
83 63
61 116
115 93
52 47
203 213
54 5
22 9
248 264
76 72
92 73
247 265
242 269
129 140
132 171
265 272
165 136
187 186
47 11
274 290
119 95
93 109
239 233
131 167
15 45
229 233
190 231
271 272
228 203
95 115
177 165
168 179
194 219
271 242
221 224
52 14
179 176
251 261
39 58
262 298
121 164
221 235
3 40
82 94
185 199
77 80
208 181
38 33
71 119
11 59
40 14
80 60
31 30
186 184
31 1
187 199
271 246
203 208
88 66
23 49
122 130
61 101
152 125
177 144
292 248
122 136
209 185
84 97
21 17
120 132
210 220
273 298
213 218
48 21
166 158
149 157
253 280
192 211
295 279
197 196
182 194
14 27
223 225
91 89
278 255
197 225
255 262
145 142
142 159
104 118
147 171
30 56
179 170
21 39
49 3
70 106
201 211
186 204
204 195
47 6
4 14
78 62
109 113
201 214
112 117
55 35
293 259
73 92
93 112
42 57
49 10
103 100
150 157
233 190
149 172
223 217
56 15
29 8
11 24
239 234
164 149
242 240
134 129
75 111
242 271
178 137
287 275
293 248
261 294
63 92
196 234
243 275
198 217
113 71
183 232
86 97
247 262
172 122
84 87
280 273
12 14
272 261
16 40
33 0
193 225
62 90
99 81
233 228
201 182
9 40
185 201
234 206
1 22
152 127
159 127
69 110
238 206
62 98
276 248
83 85
264 246
290 255
155 175
141 132
286 298
122 156
45 43
139 146
298 247
225 222
241 245
169 178
51 49
96 84
8 30
250 263
66 112
144 158
276 251
204 239
76 117
177 134
250 297
152 126
217 180
248 243
295 247
45 16
67 113
153 178
118 116
10 22
207 203
211 209
0 53
295 253
174 120
55 5
172 141
122 147
76 88
187 181
150 159
240 247
23 1
204 221
14 29
174 165
20 12
252 257
2 29
15 44
257 267
5 42
93 92
23 10
37 28
34 28
173 127
181 216
257 293
233 239
15 13
202 212
25 3
261 281
89 107
63 100
148 175
58 34
201 212
17 18
197 186
56 46
21 27
147 146
108 113
224 217
99 95
263 294
77 73
289 253
204 211
122 124
230 224
261 267
179 156
284 291
230 214
15 43
170 151
60 68
25 0
254 285
162 166
251 287
221 207
230 199
84 118
243 288
108 80
186 233
69 93
80 91
287 283
138 169
10 26
161 173
19 8
151 123
122 166
86 103
264 292
100 90
52 7
211 229
5 54
255 268
149 134
250 252
182 195
161 168
212 195
216 221
279 286
145 157
237 226
157 121
162 159
145 129
10 43
149 121
110 68
121 154
89 111
132 172
296 257
115 60
177 124
276 271
296 245
276 264
244 272
132 179
35 49
288 274
3 26
192 234
203 188
288 256
187 180
189 180
259 246
195 186
190 186
104 61
106 97
182 199
280 240
296 295
175 134
72 76
204 214
103 98
121 130
78 115
183 204
113 95
74 61
28 42
13 3
79 65
196 211
71 67
115 90
115 107
98 74
295 272
178 129
250 246
112 101
258 272
65 113
243 249
103 73
200 211
290 276
165 175
252 249
247 296
149 131
220 226
199 231
23 3
162 135
68 81
64 97
13 41
95 103
31 37
236 213
291 253
134 123
55 59
113 94
235 181
226 228
112 108
109 95
68 115
297 253
44 14
176 163
176 157
52 43
31 21
149 167
56 22
140 161
31 10
183 210
175 159
81 83
225 197
86 111
292 274
104 117
169 151
131 142
266 279
7 1
216 215
235 212
280 259
46 32
11 27
147 178
91 64
187 229
93 74
213 211
28 13
272 241
86 71
276 242
203 186
42 51
270 249
29 40
106 77
139 170
127 157
236 216
266 242
257 296
163 148
148 160
205 200
158 160
23 40
199 233
251 297
251 252
28 41
44 27
178 134
37 2
192 187
169 143
118 67
275 292
104 109
8 11
54 50
278 260
275 255
249 244
53 26
124 142
296 279
241 271
259 282
278 290
125 121
132 140
222 198
37 14
91 60
56 2
190 232
61 77
234 199
296 246
146 123
105 104
155 136
138 162
213 180
297 292
12 13
288 284
244 293
185 206
74 91
138 124
171 164
229 183
132 175
183 224
87 61
14 8
129 152
267 246
107 86
248 275
258 284
114 82
5 22
190 206
44 24
260 294
81 103
34 53
203 204
236 201
254 256
96 66
78 89
240 269
112 74
227 189
293 246
211 226
40 19
41 28
25 50
175 170
240 249
260 255
292 289
47 33
142 125
187 223
10 34
169 157
182 191
292 270
188 197
193 239
72 90
245 291
217 212
250 245
219 227
95 76
94 100
27 57
211 208
209 202
167 176
147 155
108 104
29 31
290 256
214 226
35 18
158 124
237 212
259 265
169 166
34 0
30 48
210 187
286 267
8 41
292 286
114 70
279 295
283 299
209 188
46 10
150 139
249 260
272 245
45 12
53 57
266 282
6 24
146 141
133 164
296 294
99 83
190 216
92 65
27 9
186 221
231 222
295 298
11 19
238 180
80 81
198 203
125 170
258 275
207 189
18 31
15 27
27 36
135 152
223 209
242 244
292 285
36 39
23 28
155 169
112 91
249 265
247 245
18 51
14 48
111 77
236 195
34 11
267 261
106 82
79 83
287 276
59 48
280 265
132 134
232 233
14 21
216 229
207 209
268 276
38 25
98 101
250 269
14 10
134 169
28 18
285 244
160 136
202 217
266 248
269 276
92 118
183 186
82 98
272 296
106 117
143 164
129 157
270 291
18 17
222 234
260 276
133 145
74 93
27 32
204 217
19 45
34 24
30 33
271 294
65 80
295 259
136 150
192 227
5 28
27 17
248 246
248 271
184 181
195 221
279 281
291 245
116 80
22 27
265 287
95 97
115 117
245 253
206 216
190 237
295 240
209 207
146 129
89 114
150 164
135 160
273 281
197 184
288 271
116 99
145 171
49 44
61 107
132 176
268 294
253 282
30 12
166 142
41 22
151 152
54 1
4 8
144 143
243 272
279 291
290 265
250 289
267 269
112 118
218 237
77 108
84 93
109 79
28 25
232 188
244 295
224 210
38 13
78 75
281 284
193 230
79 76
293 274
176 138
14 30
131 160
43 33
126 172
29 38
226 186
148 156
127 167
23 18
146 121
214 184
123 155
106 76
58 30
163 128
119 67
284 251
79 87
187 195
14 28
240 250
233 214
54 0
190 235
204 203
18 40
193 204
8 49
57 13
48 23
114 111
164 150
103 117
166 170
247 258
11 5
56 52
63 98
215 188
199 221
214 180
17 42
249 287
293 289
8 17
121 161
5 56
279 253
113 96
167 126
25 22
151 142
131 164
186 193
289 269
142 122
39 43
235 236
157 146
25 32
77 75
27 40
264 260
45 53
178 132
7 51
148 157
232 214
175 166
205 207
97 74
76 107
142 151
282 268
25 26
36 59
45 6
158 178
0 20
279 263
20 21
188 222
1 43
58 11
17 33
50 9
269 259
154 179
112 65
99 112
175 165
68 88
140 174
18 34
64 112
151 125
269 279
294 277
117 60
261 265
170 175
236 203
294 247
77 101
174 123
30 20
35 50
236 238
202 197
77 86
51 54
40 49
230 197
29 39
44 36
142 134
183 229
134 128
51 15
168 159
279 294
290 267
3 33
59 15
25 59
286 265
179 157
224 237
231 215
141 169
141 153
76 92
149 169
64 84
274 287
168 175
147 128
21 16
208 223
78 95
83 67
53 35
85 105
188 227
207 231
245 276
142 123
171 178
206 231
126 143
274 271
259 262
229 231
101 105
252 287
199 236
236 220
85 108
83 88
178 142
87 74
67 85
267 297
59 9
273 256
167 152
297 262
73 95
123 125
254 243
78 85
36 33
138 132
185 214
50 57
210 237
126 156
259 297
173 159
186 215
10 14
90 89
124 122
83 105
278 279
298 271
47 0
189 203
171 168
39 27
273 255
105 114
297 277
175 160
23 54
258 279
126 136
279 287
90 65
88 71
66 91
100 66
194 224
5 3
124 141
15 9
45 42
10 29
48 9
23 24
131 151
2 51
67 100
266 258
8 36
70 109
38 41
91 101
4 19
184 224
32 10
87 114
174 133
134 164
242 285
171 165
227 216
77 66
228 207
26 48
64 106
143 125
107 112
203 212
123 153
61 71
204 193
217 203
231 194
150 160
90 101
65 90
116 109
116 105
93 116
16 5
250 290
162 145
171 120
196 216
83 73
143 148
286 282
33 46
54 27
148 124
219 185
127 123
178 146
238 200
125 138
129 163
217 219
14 53
257 262
171 122
17 52
233 201
245 284
282 290
26 32
255 277
267 260
204 227
179 121
174 173
97 92
249 271
111 70
83 95
9 49
30 1
102 68
170 129
145 151
246 259
66 116
149 133
249 252
33 55
254 299
212 190
248 240
142 140
277 243
298 288
197 206
198 235
248 259
163 152
170 130
287 297
86 62
133 125
51 47
189 220
282 262
258 286
96 97
139 134
46 1
175 145
131 149
207 211
263 290
25 17
102 78
266 250
287 265
197 216
133 155
234 228
277 288
197 198
143 134
156 127
43 6
260 246
212 229
129 121
41 53
55 23
7 8
253 298
195 220
161 172
72 88
12 52
73 115
116 107
155 177
130 140
93 71
80 79
219 215
209 225
131 156
167 159
228 205
68 99
161 177
142 132
113 66
250 287
141 163
76 115
221 208
34 9
203 206
222 210
91 65
56 58
204 184
29 54
76 66
136 166
15 49
123 142
56 21
19 55
268 267
122 152
160 134
74 87
67 82
240 268
183 215
82 65
37 4
40 12
227 232
109 76
111 103
191 214
255 269
205 229
159 154
148 134
231 211
8 58
85 87
130 159
14 46
87 101
90 92
91 77
84 70
284 275
129 131
236 196
93 90
197 229
53 39
113 106
45 8
230 212
180 185
278 257
156 155
173 163
275 276
283 269
96 86
142 126
224 202
145 166
163 130
145 136
193 228
215 233
49 22
281 253
138 131
80 105
6 1
245 293
38 31
297 268
241 240
186 182
144 131
33 18
21 13
155 124
120 135
68 94
174 140
247 290
126 176
247 294
6 9
88 95
150 143
260 293
55 25
56 12
125 162
101 64
276 286
33 15
267 257
106 101
293 298
70 115
21 5
148 140
97 61
240 292
108 73
297 252
155 144
89 100
117 104
267 276
129 177
45 14
233 182
31 13
280 255
102 110
267 241
151 170
12 44
203 205
217 215
130 161
96 77
36 50
66 109
28 57
225 211
231 220
26 53
137 157
266 243
77 90
211 213
145 162
62 88
82 110
124 168
295 264
248 299
92 107
91 95
178 152
160 171
108 63
95 81
28 0
43 40
273 297
19 11
98 62
84 81
215 235
148 143
50 40
116 81
138 157
16 23
125 141
255 279
145 169
14 57
171 141
137 149
217 239
173 165
281 255
256 252
129 154
221 216
7 57
280 246
177 176
88 76
85 109
236 229
210 204
199 230
294 251
210 212
211 180
186 191
290 297
192 222
255 274
63 67
212 233
62 76
39 25
264 295
38 39
239 222
224 220
35 45
30 8
6 33
79 107
265 261
157 159
165 123
31 45
207 215
20 45
279 282
255 246
74 110
36 5
85 86
133 147
151 130
84 73
13 46
178 140
268 246
192 201
59 41
87 65
207 206
206 226
44 35
288 289
194 233
129 172
73 80
29 43
211 206
248 298
83 109
81 118
112 92
219 223
176 152
210 205
56 31
68 104
207 234
20 8
161 120
69 86
117 116
158 134
112 76
271 284
91 102
53 40
162 161
131 176
182 187
95 70
58 33
172 133
19 46
296 293
112 103
95 100
121 140
34 13
75 91
31 18
132 177
39 44
249 267
86 82
67 106
94 74
264 244
190 221
3 47
116 97
289 244
54 37
171 153
123 168
1 0
23 43
194 187
133 173
189 190
124 145
184 229
243 282
143 170
199 181
242 253
23 32
71 85
245 294
176 169
192 219
54 14
114 101
103 68
114 96
21 48
199 215
258 265
180 183
132 165
57 5
238 207
57 23
57 40
169 130
131 147
171 143
214 198
226 205
287 244
144 163
134 135
111 118
56 24
298 262
82 100
105 97
88 64
297 265
227 235
68 73
193 213
298 280
33 52
234 238
293 251
1 15
169 168
295 258
275 248
29 1
57 2
194 202
233 224
212 192
47 29
59 52
65 102
86 64
213 212
24 59
9 2
25 48
128 143
224 211
226 221
189 236
128 140
48 8
6 29
88 85
187 217
135 154
15 55
185 224
256 298
191 210
170 134
112 114
269 273
89 79
58 17
144 166
86 78
263 284
107 84
168 142
48 30
279 293
244 250
28 7
68 98
245 243
68 114
203 223
47 52
55 11
52 32
109 86
49 16
230 182
271 295
235 183
76 68
224 203
181 187
158 138
196 236
264 252
82 63
106 99
11 2
212 226
269 264
116 98
37 12
123 130
13 45
117 118
214 234
19 35
225 212
209 223
24 38
4 44
209 210
14 33
87 82
53 31
79 67
227 214
224 184
5 59
275 257
84 80
174 167
139 150
43 24
257 288
153 121
15 21
132 130
232 195
225 235
68 79
7 53
221 234
116 79
185 190
234 196
87 110
179 150
271 247
56 54
40 4
132 143
115 94
172 166
299 284
143 173
205 216
179 174
60 95
124 172
214 194
163 161
124 138
173 154
220 215
247 260
91 85
137 176
25 53
242 286
188 221
255 251
188 191
48 59
275 277
36 25
232 194
65 87
41 8
137 129
254 241
62 110
180 236
275 290
208 229
237 234
273 271
95 106
164 154
197 183
113 103
263 275
38 40
28 45
46 58
166 176
191 230
290 293
13 36
271 289
18 20
101 72
241 244
115 116
98 104
293 257
135 171
2 54
96 69
293 258
245 279
20 17
267 259
213 184
154 173
200 224
228 226
266 285
180 226
75 74
46 28
180 235
264 280
166 151
286 285
142 127
215 224
133 178
57 9
119 87
1 26
26 35
188 193
177 146
276 292
51 42
274 285
91 72
289 261
60 108
175 169
137 152
240 275
1 10
8 51
199 214
4 35
66 118
189 197
106 69
188 186
96 73
172 170
223 233
199 211
124 165
132 164
174 147
185 210
64 60
69 95
130 138
133 170
39 35
86 70
254 242
151 136
263 282
74 95
177 147
165 168
291 251
110 109
246 286
17 43
4 38
231 203
2 7
289 250
154 163
266 284
9 34
269 288
297 249
268 264
178 151
74 73
160 122
183 239
214 197
220 238
114 73
284 268
91 107
299 240
128 131
268 297
2 24
256 264
218 207
34 23
196 225
132 149
235 209
172 162
27 45
265 268
257 243
258 255
288 264
207 182
15 18
142 146
279 254
47 31
244 275
58 50
156 162
62 117
294 270
238 182
14 43
293 244
227 206
177 148
157 163
290 292
124 173
249 251
30 2
46 39
68 84
31 23
28 3
154 134
274 298
229 194
220 234
269 267
225 188
244 246
249 281
296 250
267 287
48 58
199 188
193 199
70 96
43 53
234 218
97 105
31 0
280 261
114 108
146 144
233 181
209 192
169 137
281 270
72 99
287 290
258 299
171 159
100 110
267 242
242 270
205 210
284 250
201 216
23 30
188 190
249 286
227 204
296 249
272 293
286 292
296 287
217 226
226 209
192 210
100 72
160 137
173 149
207 222
73 79
60 74
130 164
294 267
272 274
233 215
190 200
153 148
72 116
160 174
82 113
93 107
194 214
205 188
32 16
31 19
43 48
119 111
9 58
70 78
169 165
89 103
68 78
64 118
3 22
234 186
181 185
168 176
195 184
210 192
226 217
168 124
150 133
114 84
99 114
124 152
72 110
152 170
262 266
257 242
190 197
206 194
281 278
284 283
271 268
21 36
85 77
140 146
264 248
149 147
215 196
111 61
107 90
40 48
262 269
265 299
59 33
53 18
35 41
8 7
133 159
169 131
77 107
151 121
200 236
28 22
273 299
174 176
154 125
217 206
133 124
222 239
121 175
270 284
211 189
191 239
77 114
150 166
67 75
204 226
52 9
12 47
106 104
260 264
114 95
263 261
58 1
67 109
85 95
88 80
75 103
149 176
195 212
224 219
268 260
46 2
200 194
161 124
195 238
101 79
58 13
211 210
183 190
242 274
233 185
60 110
33 31
211 228
281 280
85 70
217 213
218 228
247 268
171 128
62 95
103 91
105 119
236 200
210 239
126 130
151 134
180 237
159 161
297 291
237 231
191 228
118 97
71 72
170 168
77 96
90 69
52 54
104 114
86 105
200 183
294 260
292 277
106 108
285 261
52 35
183 196
150 156
244 288
272 247
245 265
216 201
177 164
256 281
142 135
78 118
54 45
245 292
190 214
224 205
147 132
17 10
115 76
179 159
157 145
98 117
182 220
34 17
17 68
184 210
27 22
124 136
146 137
73 76
15 10
84 106
123 134
256 285
179 132
95 112
203 183
246 244
165 179
285 296
145 173
254 248
219 238
58 39
53 37
227 220
281 268
242 265
125 171
73 63
124 139
59 6
15 36
91 114
105 96
124 158
20 58
234 201
171 167
152 146
17 38
185 202
120 165
126 120
81 95
96 106
76 109
272 282
212 230
280 258
95 110
246 252
147 150
260 252
0 50
124 174
24 42
2 33
117 76
166 174
258 266
75 83
8 33
154 156
13 37
226 198
103 72
282 243
289 266
235 229
109 97
194 180
132 162
39 18
247 264
54 9
266 280
59 26
171 148
125 146
154 122
237 200
185 192
72 117
15 33
47 20
130 150
130 168
141 171
270 266
70 83
35 3
242 282
273 251
1 7
114 107
280 262
106 83
188 235
163 144
283 258
185 239
217 230
20 18
100 68
105 67
96 87
183 205
106 111
233 193
188 198
131 157
208 197
169 128
264 262
123 159
134 177
258 242
214 208
288 278
240 260
170 128
11 18
209 231
106 81
231 226
251 257
1 47
88 94
16 51
119 77
266 254
217 209
64 114
276 245
91 63
245 258
236 218
19 44
210 189
20 0
143 121
155 170
92 77
182 227
0 47
223 189
117 65
298 276
140 126
178 174
131 175
290 275
203 199
138 174
45 59
59 3
261 288
265 255
191 196
259 274
10 44
59 21
216 213
149 123
172 176
245 283
271 273
6 42
227 217
79 89
40 44
181 217
281 266
117 88
166 143
205 209
78 76
86 84
178 145
151 176
53 8
212 234
268 295
56 1
121 171
266 278
146 167
257 290
207 181
35 40
182 221
214 231
282 287
51 28
85 114
282 263
3 10
278 245
36 13
278 254
210 180
89 74
274 259
26 59
100 106
241 272
34 7
111 66
92 110
219 189
146 149
262 259
68 90
111 76
253 250
168 158
269 261
294 255
97 68
128 160
295 262
108 94
42 24
244 243
37 34
8 1
110 81
112 86
253 251
204 213
250 255
71 105
23 36
85 91
66 106
196 202
193 209
272 244
90 118
209 204
293 254
281 298
130 126
252 258
136 135
283 240
81 66
270 274
289 254
29 21
22 52
261 290
297 241
20 9
277 247
121 169
270 247
51 35
77 111
100 98
271 258
142 149
296 253
219 222
271 267
15 38
59 57
138 150
63 115
185 209
210 211
147 172
35 15
174 138
117 92
206 207
1 30
23 45
3 28
4 45
156 121
267 256
121 132
254 245
63 79
277 269
12 48
248 287
110 104
221 184
13 49
145 174
229 184
2 41
195 180
10 0
227 207
30 51
249 261
21 34
127 145
261 269
82 60
55 40
211 235
277 258
27 18
262 271
8 29
31 17
42 13
215 212
32 19
178 139
18 39
250 267
21 58
277 272
14 7
117 97
290 289
234 210
238 205
115 84
44 57
73 72
162 142
134 133
248 285
6 20
55 6
78 101
246 283
216 233
119 90
53 45
288 261
54 51
297 256
20 23
201 208
70 76
224 206
176 156
19 49
44 52
232 189
297 247
166 150
209 234
157 124
161 143
246 267
10 6
182 223
168 160
272 258
176 140
117 75
138 127
210 229
263 268
145 164
277 240
199 226
28 4
284 253
227 191
108 79
288 240
200 197
12 28
26 15
103 95
199 180
191 227
29 53
246 260
61 104
253 299
3 29
161 165
109 118
97 77
130 123
13 40
32 40
161 176
58 42
225 201
31 47
45 10
111 90
61 68
72 96
87 78
202 198
270 267
183 228
14 59
174 128
51 7
298 258
161 129
219 203
81 70
198 236
257 240
204 186
131 179
263 283
297 261
246 251
85 62
44 49
235 226
94 105
292 257
146 131
273 247
217 191
61 76
285 264
218 214
250 282
275 298
60 63
6 39
38 55
168 126
177 135
74 85
10 50
35 9
11 48
143 141
43 36
113 75
278 286
129 147
92 60
290 254
204 223
4 43
251 266
106 116
161 147
157 174
43 28
267 251
210 235
105 79
74 80
195 236
182 222
196 233
188 237
25 23
188 192
122 143
284 248
41 48
276 247
243 273
259 258
180 208
17 20
115 110
287 288
167 170
60 103
106 78
132 151
144 173
26 13
22 24
268 274
66 103
138 147
158 167
78 87
54 49
257 254
37 6
18 32
10 5
188 207
154 168
274 253
157 126
33 21
102 75
289 278
27 30
125 139
121 120
123 128
188 185
24 35
19 56
213 237
266 241
213 190
274 246
298 255
203 229
44 31
93 91
235 193
139 122
103 109
92 67
206 196
170 163
167 128
1 3
13 16
31 14
40 16
80 106
185 196
77 92
106 115
47 54
135 173
117 100
60 61
272 263
44 50
197 187
205 235
200 226
117 74
238 236
33 36
16 45
31 49
192 213
89 60
66 65
189 233
191 225
296 248
285 243
184 238
11 20
213 197
15 54
246 250
68 60
246 272
207 227
246 258
98 71
79 88
282 266
3 13
206 208
169 145
199 213
73 62
190 182
12 38
139 173
110 71
147 131
42 18
147 154
42 39
71 112
211 212
2 13
238 202
287 272
95 73
63 108
258 269
26 4
127 149
236 214
156 145
246 254
223 234
229 186
204 210
297 286
26 54
24 47
202 215
202 218
32 1
12 11
239 184
195 226
84 69
61 62
109 99
229 218
156 128
45 2
94 110
217 194
196 206
58 25
67 62
180 229
269 248
34 1
68 83
207 187
26 23
134 153
105 90
279 280
15 1
26 49
198 207
91 110
261 255
148 166
277 271
282 271
193 210
242 250
213 230
250 271
14 51
174 171
92 74
155 162
155 142
232 238
196 189
161 153
35 58
26 57
233 223
26 51
184 222
45 7
49 6
105 69
237 217
292 294
173 120
191 184
118 98
64 83
283 257
263 251
226 200
160 143
216 190
10 41
78 69
186 208
223 232
191 208
179 133
278 243
297 250
39 0
246 249
56 26
295 282
162 170
191 194
203 228
262 240
88 65
145 168
78 84
66 82
166 159
202 191
232 239
298 246
196 199
91 83
6 4
147 159
242 284
198 182
255 290
17 26
45 21
117 70
17 40
239 237
126 177
148 161
63 118
152 179
178 175
9 33
51 33
113 114
142 148
238 204
16 29
223 206
119 117
40 58
125 127
37 20
256 273
171 129
68 89
282 251
212 196
215 191
153 136
196 226
178 124
252 274
12 2
231 224
170 143
185 227
253 260
166 140
79 105
118 76
173 160
242 251
218 194
57 16
206 190
53 41
242 267
128 123
12 21
248 293
221 182
119 92
104 119
276 255
226 214
273 286
72 106
192 224
268 262
166 138
285 288
89 76
50 37
246 296
288 293
263 253
198 214
102 84
159 135
18 45
109 66
44 29
190 188
90 110
136 127
264 247
219 187
127 132
189 217
197 219
194 195
97 99
18 24
286 268
214 193
265 293
251 244
257 246
62 87
265 244
233 230
214 210
157 177
167 146
140 153
24 57
182 224
220 200
165 133
256 241
281 292
177 169
236 206
225 226
209 196
157 130
93 115
239 198
158 172
226 208
84 90
226 220
200 219
135 138
118 60
206 222
174 161
185 193
66 75
25 49
92 94
213 223
134 156
183 194
261 251
144 134
166 149
188 236
94 95
98 115
55 56
234 189
261 275
45 44
99 118
230 189
195 200
55 39
280 288
160 144
41 16
225 239
252 244
76 89
25 33
131 120
80 70
116 89
193 219
126 166
296 255
35 0
299 296
223 230
82 71
87 109
129 143
207 208
259 281
84 62
163 120
171 157
142 155
186 187
130 151
222 201
126 155
64 81
91 79
92 75
17 32
81 72
111 71
157 158
229 197
122 125
280 275
28 19
64 68
161 133
142 141
136 173
298 296
126 140
26 0
173 137
226 184
54 55
212 197
188 216
66 81
165 178
57 33
286 262
264 278
260 253
284 279
49 13
45 25
203 191
36 56
199 197
105 85
111 83
23 34
46 48
143 163
85 74
13 14
280 243
260 257
218 231
158 176
16 11
0 49
144 121
66 78
74 112
31 36
145 146
95 87
66 70
178 157
7 26
194 200
74 97
41 0
15 32
249 245
212 227
139 154
211 200
194 226
159 169
17 6
236 191
59 20
182 183
203 202
102 107
84 74
237 222
296 280
184 198
66 63
162 130
119 64
74 103
3 51
241 250
52 49
8 22
139 178
184 196
182 218
61 95
124 131
45 57
105 64
73 86
33 23
107 64
158 125
247 280
285 292
189 239
294 271
263 270
215 214
2 47
264 265
164 165
122 161
75 100
290 241
37 7
264 299
149 124
272 276
263 259
16 2
112 73
260 258
107 99
83 111
221 204
98 88
17 54
36 19
254 290
282 291
224 196
51 46
216 183
225 230
225 216
272 259
143 146
84 111
225 227
252 282
131 130
29 50
158 175
104 71
45 41
36 23
266 261
289 276
211 230
138 142
291 247
41 24
75 119
80 101
70 114
249 299
61 119
73 109
142 169
166 160
55 36
296 262
81 106
21 53
287 289
127 175
123 170
257 250
287 242
177 162
123 140
110 64
90 80
231 218
212 213
5 25
59 53
158 163
248 254
103 86
173 171
1 49
226 210
69 71
15 0
99 69
83 64
54 16
52 18
140 128
140 159
200 239
79 69
103 96
184 230
22 33
270 242
181 206
81 90
139 124
168 136
88 115
82 112
109 67
198 204
13 47
209 205
148 163
278 246
147 138
219 226
67 79
139 165
159 158
190 230
19 18
270 277
72 84
157 171
197 209
179 120
202 190
220 221
263 279
134 137
60 102
240 297
197 204
151 139
96 104
263 289
230 185
74 101
39 53
22 25
58 43
271 297
160 123
253 269
294 283
272 277
49 46
180 187
18 3
94 65
159 163
231 221
216 203
14 44
115 109
24 28
122 163
